1034954586972286526074174251593838541788478539157211230776869252052217799117325473999422742598337153
2981068155046177075997562712758216649785291859559850830321175939450447919819761994901021422437635672
2442537066729220429924276238252207883291506900755773889095928185621099334535911782844992387849182415
4057624459662081524402995681109562604224504492071492650100933221410580989236166754067797354584066614
2035734106210241695544851266970449006030520718203323944496788091960302135462028927373517874987310503
4199024437434724923803916961825438787756314874574653506366693143636860558047360139463195842370798495
3373674264533350316821844331180849607259386516754154010465093390266497627350060849353884705131329124
274385399823873959705185636118730263151785007060711468634650446528505862530138973758670029728824861
1699565824063386529659261921279887617973038964111313557081922169647626679035429906938010751346956118
4018434755729021250086252823929552941259677416555728744279820780704678056047909414096407053971618197
3857552653402146667098866808422966068024797020903858032834338263021962657151966923988037733741047760
4449073375562213555713819574271783043654790989512042779457273457687353790702689183194024718644552059
3028896857073401674402601829746363417344629047644385281342692181692835581596674820306703336396896488
3337684698003227298862988399200112661572274066811309803482062470238829597366486567004648368531013634
3944667019978275575574000256858555929038463654125489882050073228486677954157375408465537126115007002
3413795212154975728226097492344169688587361594986326696980026508116878825174682496272205166391676954
654460559892133131275552052702562317197881223986803551925508370737677783508875670688801876926200328
4236348456547971559629275252699834275953045907256599795604883863989866239696793697372430417958425267
2563231966576650820678584895365865298626626000764824050447688406284192474981796984300789555789280697
1020867803142335107410533607946041031225241850143984893013599934010044778650839074297477989544724865
4519988077149072440013256284436040992304942608694553496618245727309526510648015279282101360303222720
5365768869462030191669525753955041279170657332010907278342290783105638626912701584404844336892363557
1110677104772160191224706583193547423015690656085331389265024003643586838538735700346379826054133216
2069834725157685961973211302656439898682389387319036181712584246645692301174081077332290285375293191
804704031880544322428964704774770037728743533397259179290822832808168450162626661461666649329388497
1678050678599994554988732274138820737517175253755181844923706240541887038844193918717989230555538992
5358460055375094544550606348387101790580168729482753869742150665370169575056008646149748412881694730
2210927983559170552328353196224538829579339093547881512380540311858050647884901645739445674457132254
4494666394364602702571307683412783969699270098053933693898285905814718424992442204306366217112258775
2526244730146306947936247087295563295444582517426405229975952610395283953230490374749191376321620693
423170225530103100013007778668732784819942066566056037149562472713095411515755633231256043275109342
1515722041782367184149697001776741059619760378346979374084111507110525304508368275123286535477214630
4595022142904416235535454136366814640495404343615841833071918504050941954992756199543080129491556545
1913097885619042232649459022978872841574768198477972055485471201237981057967967536631703854835639809
2675446778382967392328227630196504636024669517843962559541991142652370514760956288065716043873697853
537683667164413269969526457400753198679586597825186771396487326898064757018179590813502686653190274
4528736976352643260690651910529087654564971988253161640117139969065958180668052114329762117287721452
541787663916656563026831750983932790221839891116703014505126041964182172552677920794155704110320596
2123959727017645969995026472186602606443665078912813066281598311939353918220248665247803051074237235
1396483480093177252291527419033665157506885681410585438330278170035455241265431870849104447108879034
2204808779547940516014219256848776233183234715548987427165794970517565373803279024172331919168198067
4469301900832969931179636302854054491432115945281625350617771063944359274644566103090772242302727994
1817253310750871468805915765111716579415862910235518091788631078766774102219419098031581224549868352
3593635016369816685062475354541300091791387349543504357362595158067633757741734773675241928360247287
1629744610587419275853539262989159661498134595344729083396442256209826936944596752575049444563805016
2447119916937296181936856136073880257326638460458377494909626739263165491905796202641298104049003308
2396664426115762703969229167100890428166720707971304221859586403618069764351752805187733681105152308
1049332599803176191957353556173269056138666429841253335665762113280003190376660229268907679261904237
3629750360308129621332163165310942926483959794840469936442545639414850497835656074293987315130124675
2144643457701704018698657094992500106179529191343080296028342626268703135584399633611585389076064780
5622214942323803835961634011494257971718036987515793135220825440158947799856943531650878335454617539
1425216605626000579808695201219656502605150244083242266330529369703245178707347892869857764981401150
855629206147960695057078866948428677920123490008579969551913237262413864203562407870075802420758209
282838777250667216198761336700555014025221104323337585503915118214266177710033358115000172362022089
1694612188969656813220239462207128247375872846824879273771039649129043887107432481510363346457450190
1379189874117413553571160269044027498819485909755824213434838617997492849766113618644645471522843216
175478054527613999786438099872686476354677418283325012344989465515289730203847015273751039247693852
1147744787528954035990928572772726231500821074332785593035451167822682341697787484661721971643200119
3737326015910439742496472678926408818702256223417602311822228900147758707554660396221758158120811423
719887906493772944200583487411073021358262370839245936597080185485358864520314155341125643520908815
1502634016714888102283162424733268018729935088922725873897527301263926954448416643036730649503667804
3882130209045566736000765713518040370269612840210733244999378988822261766617550200824506748198557564
4645800501988496486114189687968204997464775579648369045312921116362178583076473196276292560894780475
2440096516423663585881134651968510876570018569106785520260227494493821387917740952474448495927037703
1649074523435678534495686550976334984281355350903053178494907340279367974332989318694671612287594147
693122550746621994276397950847842996704783532569401159411444116430984178102155110793851214470954146
154875871749194173750336913966195294665369697213737813865918200985255842535050402686196149526092797
505720145051223918072019520335760295172945604187042827906417244660912168618146598408384234916247415
2062909828352179829709747986966529317514918602577457401561595421963151538649757095489915498501835489
600583326350887071626403605446096121445718668252218069912742093249235665976302808946699421315595997
167408391657849427814212254567720618330116337428923878620652384014098130748155205198823776554972990
1855750307316903683975901628221884594977554353057966198418619107193516106598583875453133414248214960
1137321850230896815079037706200677075452389357910760577593169427845462327260006818896405675954516914
2603727205039588100063504172909142844395990611194472209747242053735363186323923723259137328765848809
2399873633239858492712764551749737301644425640994074150390353883694581668706022948689381876270479677
1621303350429894898644841997945849106209306710297189107895614245691453215404063811926884825918927471
5582137991115179718606282340410956757779004801255475965020178550708590695250688597916393246664981231
735427737859536947047230840079007197139445688229378995087252678361757865438785064659196146065430248
5066699200138840959346736835344261547708930536065497784514857071955873144398716749812420083993389333
4213272466220943676458963521131528393180334566997182425161313916626909164049785990054527945286838061
5232955707508326470373251273594750883929553873012251155519555397609307000596896503578394169170009202
1264991990039552796724387797894778970127714687107101085223525220496507170805616207517444887034706202
2433147503794115851043648461158153049941091175285150298072414499602509040609908518601327883253692023
2188146025514602732713719083405190750467380654447383465236937332763250929126422338559512409291522616
1441445428017670414279943955183755561343453677972964406629567205205135282306007045613589670111719229
4776530389961149352158164555842408638833165664042893106873299793484663971616855743522467753045969783
1814008736251992614263202520173208607692943993747631865078521585330842840860397779923883975270931806
1786705282894910952768043889317840634368319809032143778853188220489503554657973407946267812976976609
2204594458940132968525313039229931988705929607184067759060133788468757512278555628041100679304537331
4182134209676725390995637617784023681897161278397887846519874864665814526125329329713956083868869278
5008773595285269966306060414178595255785831631485417184713261168889901114617526704974651204982245580
3039340160176697462411578193605967441028093791734012612697687267686070985039896872555841330034976559
4705679842124139180029597247251280471496697337302686403724459810484472768696086274460162983072137586
4710986814098351984933753226664067747934817752080027254555206909853511445131362021364153283499765655
3425798775760595244158188499733552248118410988772592957929804261203454265437545711830846339031154623
4006248849295207335258618874705653690664991826314472698818975537803240386714108471578846990145309395
2188167379159990062642294802401001223081798663190596625120615530571917944294245664587199719041027601
995881120426689930941878211759637573536648985941987219994317082099379958357553079955378699961767941
3457838164846765751815115077654998067273276295941024986740477739143052632139556788963229810124337175
4576558118698074888422337752792849869890844927681070419069145878121101163814712037814458877369266008
